# R_proj[kpc]  v_los[km/s]  v_los_err[km/s]   Spencer+17 (VizieR J/AJ/153/254), Mm=Y members, N=175, vsys=78.456, sigma_int=7.374
1.247819446539870647e-01 -7.376347879710991151e+00 2.189999999999999947e+00
1.204699144420951357e-01 -3.456347879710989446e+00 9.100000000000001421e-01
1.139807063825915012e-01 -6.816347879710988877e+00 7.800000000000000266e-01
1.288492643255201853e-01 -3.458296867069350355e-01 9.006933609711194055e-01
1.461143249442658221e-01 -3.186363921616376160e+00 8.715390811351957367e-01
6.426127096012997086e-02 -3.026347879710982625e+00 1.850000000000000089e+00
9.869282209697408104e-02 5.733652120289008280e+00 2.350000000000000089e+00
1.416408822252728517e-01 -2.186347879710993425e+00 1.810000000000000053e+00
4.566992212896447412e-01 2.762886612459482194e+00 1.332544640840228389e+00
3.845361769590855405e-01 2.174245137130739636e+00 4.246935677509795504e-01
3.886237044562194098e-01 6.826467432901523580e+00 4.550570020063453569e-01
4.178705637971444342e-01 1.042309619956881761e+00 8.158458742316857526e-01
4.243995958975233518e-01 6.532058465083878218e+00 9.328262914934966066e-01
4.057683232663179540e-01 -2.374920765172134907e+00 1.248645387496377879e+00
3.566964917706068050e-01 6.438275066943788261e-02 9.436507141783667674e-01
7.418205067734393587e-01 4.570552262020484591e+00 4.651488314893223452e-01
5.482328735732082681e-01 -1.464088894764762472e+01 1.153563365293355680e+00
4.729211014009973568e-01 -4.987873949912113858e-02 5.906686810038476176e-01
3.634808212236218528e-01 1.283489338383242284e+01 8.630412371481211986e-01
3.061166944458710293e-01 -8.356347879710995130e+00 1.090000000000000080e+00
2.318766869201192848e-01 4.560165750320066991e+00 5.970480209117674519e-01
2.352780508331588083e-01 1.193652120289016239e+00 6.800000000000000488e-01
2.883854101255174940e-01 -3.492242469739665012e+00 7.873733753439510208e-01
2.220743552949838717e-01 -3.447270875952568758e+00 6.737050626897134187e-01
4.036843988451995768e-01 -3.016347879710991720e+00 1.199999999999999956e+00
4.313373811762206689e-01 -8.346347879710990014e+00 2.430000000000000160e+00
3.710082865166177135e-01 -1.295634787971098945e+01 1.219999999999999973e+00
3.795382333503928285e-01 -4.305812979543958363e+00 1.238555530077820821e+00
3.895957586545495954e-01 -4.863478797109905827e-01 1.290000000000000036e+00
3.706755371624089190e-01 6.053652120289015670e+00 2.419999999999999929e+00
3.145349550121440130e-01 -1.316347879710988877e+00 1.709999999999999964e+00
2.627587222306416725e-01 -7.006347879710986604e+00 1.669999999999999929e+00
7.139702304776987529e-02 4.973652120289017375e+00 1.429999999999999938e+00
1.060269123024443760e-01 -2.726347879710985467e+00 8.699999999999999956e-01
7.963297428586089965e-02 -7.476347879710985467e+00 8.599999999999999867e-01
1.014014618317792688e-01 1.933652120289011123e+00 7.299999999999999822e-01
5.807949174399456432e-02 7.113652120289017944e+00 7.700000000000000178e-01
8.332431078523866441e-02 -8.646347879710987172e+00 9.899999999999999911e-01
4.258461984628877234e-02 4.483652120289008280e+00 1.389999999999999902e+00
3.781281313223946311e-02 8.613652120289003733e+00 5.899999999999999689e-01
6.811283300821954767e-02 1.839473946569640361e+00 4.736032564746888163e-01
7.964352098865458418e-02 3.713652120289012259e+00 7.800000000000000266e-01
7.857567736637530165e-02 -1.746788952427331765e+01 7.432858156278295825e-01
3.371700781135071323e-01 -7.886347879710996267e+00 1.090000000000000080e+00
2.986328335353456431e-01 2.934506236898570819e+00 4.767909245997437595e-01
2.079713195883874377e-01 -1.141634787971098319e+01 9.399999999999999467e-01
1.453785423754221651e-01 2.536521202890043014e-01 6.899999999999999467e-01
1.812132846381983298e-01 9.336521202890111226e-01 1.159999999999999920e+00
1.779880527922502176e-01 -9.786347879710987741e+00 1.250000000000000000e+00
2.641415615132089445e-01 2.323652120289011691e+00 1.219999999999999973e+00
2.146134384581682708e-01 1.036521202890128279e-01 6.400000000000000133e-01
2.563914268069241720e-01 -1.726347879710985467e+00 1.250000000000000000e+00
2.346875274470650030e-01 -6.618928070052888302e+00 7.851531196012648817e-01
2.503147892659689511e-01 -2.866347879710986035e+00 6.700000000000000400e-01
1.144911672567246880e-01 5.993652120289013396e+00 8.100000000000000533e-01
1.200684207784268875e-01 -6.616347879710986035e+00 7.800000000000000266e-01
1.039738926610093150e-01 1.513652120289009417e+00 1.429999999999999938e+00
2.789248478203257275e-01 -2.896347879710987172e+00 1.979999999999999982e+00
1.652219676217268618e-01 -7.176347879710988309e+00 1.070000000000000062e+00
3.279397712905163798e-01 1.878312587039333437e+01 7.610630269393213743e-01
1.325753618092937458e-01 -1.015268307203446341e+01 7.130499218801235051e-01
2.314400511461729149e-01 -1.363634787971099627e+01 7.500000000000000000e-01
2.896985844909277241e-01 4.481576819554746294e+00 8.944691167285363509e-01
2.634651050217656776e-01 -1.174522374466702956e+01 8.962034231883089230e-01
1.859799766956189981e-01 -4.746347879710995699e+00 1.300000000000000044e+00
1.330111113270380785e-01 -1.722634787971099257e+01 9.899999999999999911e-01
2.477723180750687204e-01 -3.686347879710993425e+00 7.700000000000000178e-01
7.768268089875821070e-02 1.648365212028900828e+01 6.999999999999999556e-01
1.031267456671859789e-01 7.669005123450247652e+00 4.382285443838069838e-01
3.552709039885657699e-02 -6.516347879710991720e+00 5.899999999999999689e-01
5.303343630537080827e-02 -1.632634787971098689e+01 1.149999999999999911e+00
7.516288372589409461e-02 -2.746347879710995699e+00 5.899999999999999689e-01
6.059936700051764269e-02 -1.681634787971098888e+01 1.080000000000000071e+00
1.401178791232495502e-01 1.693652120289016239e+00 6.600000000000000311e-01
1.492973558514392451e-01 2.733652120289008280e+00 6.199999999999999956e-01
2.041097690213133364e-01 2.136521202890122595e-01 7.199999999999999734e-01
2.029522803561308597e-01 1.513219872827896495e+01 6.604361384798914658e-01
2.145615252349118429e-01 -5.956347879710989446e+00 2.000000000000000000e+00
6.703606222913294221e-02 2.463652120288998049e+00 1.060000000000000053e+00
5.340188796596955639e-02 1.128365212028900544e+01 9.699999999999999734e-01
1.003180677380230562e-01 1.703652120289007144e+00 1.229999999999999982e+00
2.335972634010230753e-01 5.163652120289015102e+00 2.569999999999999840e+00
2.070824322486209679e-01 5.183652120289011123e+00 1.419999999999999929e+00
1.324442634473883273e-01 4.953652120289007144e+00 7.500000000000000000e-01
2.898646002620277051e-01 1.278656576564168290e+01 5.807641637042625371e-01
1.351977278884688716e-01 5.133652120289013965e+00 8.599999999999999867e-01
3.293737636230504306e-01 6.553652120289015670e+00 8.000000000000000444e-01
1.584552536110629128e-01 8.693652120289016239e+00 1.290000000000000036e+00
1.917842732365858949e-01 7.773652120289014533e+00 7.700000000000000178e-01
9.087421027385617078e-02 -1.893924556541316662e+01 7.372059426974778562e-01
8.280659185291115720e-02 7.736521202890287441e-01 1.520000000000000018e+00
1.324632369741340632e-01 6.193652120289016239e+00 1.850000000000000089e+00
1.393600773685626792e-01 -9.506347879710986604e+00 1.800000000000000044e+00
9.872629217723420669e-02 1.078365212028901965e+01 8.199999999999999512e-01
1.610232543073867040e-01 -4.226347879710985467e+00 8.000000000000000444e-01
1.520483083611839648e-01 -7.486537795622467684e-01 6.149085207124870278e-01
1.511806124169894627e-01 4.253652120288990091e+00 1.540000000000000036e+00
1.382682273649261384e-01 9.536521202890071436e-01 6.600000000000000311e-01
1.191119283894542802e-01 -9.136347879710996267e+00 1.159999999999999920e+00
1.288334978259641217e-01 -1.556347879710983761e+00 1.850000000000000089e+00
1.276086528974503809e-01 6.365212028900657515e-02 1.290000000000000036e+00
1.439915760984447346e-01 -4.806347879710983761e+00 1.459999999999999964e+00
1.670471716434728804e-01 -3.206347879710989446e+00 7.700000000000000178e-01
8.235631436244919557e-02 2.943652120289016239e+00 1.969999999999999973e+00
2.322013042732648247e-01 1.619491545094277285e+00 4.540728938506439216e-01
2.138698123769130488e-01 -4.376347879710991151e+00 1.040000000000000036e+00
3.208108155039332554e-01 -6.436347879710993425e+00 1.550000000000000044e+00
1.020705599074525211e-01 3.313652120289006575e+00 6.600000000000000311e-01
3.511654910706016319e-01 8.701121902722519508e+00 4.853504179487868053e-01
1.260736438382258628e-01 1.092365212028900601e+01 8.399999999999999689e-01
1.599565554957166347e-01 -1.071838992900907783e+00 5.964111564514507080e-01
1.468920996535919010e-01 -5.846347879710990014e+00 9.499999999999999556e-01
1.217301613684109302e-01 1.035416141321242378e+01 8.817764684224215221e-01
1.443195530140708727e-01 9.663652120289015102e+00 1.310000000000000053e+00
1.420616124841649064e-01 -5.776347879710982625e+00 1.100000000000000089e+00
2.073512294355069618e-01 4.821745320682694569e+00 7.195692912505223804e-01
2.101675781608524918e-01 -8.745326879198785264e+00 5.261882169060061454e-01
2.055491061127631136e-01 9.783652120289005438e+00 1.649999999999999911e+00
4.041878709026486827e-01 -4.606347879710995130e+00 6.899999999999999467e-01
2.570704265426257962e-01 4.888475182885173353e+00 5.534255692660640102e-01
1.846827618630878798e-01 -2.186347879710993425e+00 6.500000000000000222e-01
1.953363143479278918e-01 1.780365212028901567e+01 1.850000000000000089e+00
2.241110937351836752e-01 -9.536347879710987741e+00 9.899999999999999911e-01
1.949630507911373212e-01 4.483652120289008280e+00 6.899999999999999467e-01
1.899134786788487239e-01 1.730257796526117886e+00 1.287790951945724016e+00
2.444209604384937062e-01 -4.676347879710988309e+00 9.399999999999999467e-01
2.513969983232534622e-01 7.636521202890094173e-01 1.510000000000000009e+00
2.719613156739766335e-01 -1.006479851687302585e+00 5.826322678401822941e-01
3.415861873954652572e-01 4.823652120289011691e+00 1.919999999999999929e+00
2.290042812720473608e-01 9.063652120289006575e+00 1.330000000000000071e+00
5.269075307656030382e-01 4.783652120289005438e+00 1.439999999999999947e+00
2.067395757805052248e-01 -1.516347879710991720e+00 1.360000000000000098e+00
1.908039352965708868e-01 -1.197634787971098547e+01 1.159999999999999920e+00
2.462483383707450013e-01 3.833652120289016807e+00 1.439999999999999947e+00
1.785358884453732142e-01 5.727031430633829245e+00 8.371145845021498166e-01
1.615759461618405946e-01 5.053652120289015670e+00 9.200000000000000400e-01
2.847830569333303363e-01 -6.178347879710997859e+00 9.391485505499116426e-01
1.409621692925808190e-01 5.263652120289009417e+00 1.469999999999999973e+00
9.620522538479633901e-02 -8.426347879710988309e+00 1.300000000000000044e+00
1.220455834825468072e-01 4.831277152479174219e-02 6.865519284161440972e-01
1.384755913362419044e-01 7.643652120289004870e+00 2.379999999999999893e+00
3.062738882714947652e-01 6.233652120289008280e+00 1.010000000000000009e+00
2.971278814566554738e-01 9.503943870554564910e+00 1.027947672235087540e+00
1.987838018549537289e-01 -1.878634787971098774e+01 2.000000000000000000e+00
1.732558043048880725e-01 -8.746347879710995699e+00 1.120000000000000107e+00
2.212321716342369737e-01 -6.286347879710987741e+00 1.250000000000000000e+00
2.304476685401054825e-01 -2.947066023125785250e+00 6.222961942189535467e-01
1.954515568499751166e-01 -8.986347879710990583e+00 1.520000000000000018e+00
1.599079417286064231e-01 -5.406347879710992288e+00 1.780000000000000027e+00
1.742326754893242513e-01 6.915591358245706033e+00 6.115643415715413811e-01
3.509359136322441897e-01 6.603652120289012828e+00 1.429999999999999938e+00
3.451440964129584565e-01 -1.186347879710993425e+00 1.340000000000000080e+00
1.767049900515740291e-01 -2.646347879710987172e+00 1.930000000000000160e+00
1.601185324436492918e-01 9.693652120289016239e+00 1.209999999999999964e+00
1.820107414758264652e-01 6.813652120289006575e+00 8.900000000000000133e-01
2.760563788071891955e-01 -4.056347879710983761e+00 2.299999999999999822e+00
2.324348932526194567e-01 -1.286634787971098604e+01 9.599999999999999645e-01
2.657819747620128736e-01 5.403652120289009986e+00 9.899999999999999911e-01
2.669797930491910609e-01 -6.306347879710983761e+00 1.060000000000000053e+00
4.066721146715754909e-01 1.125365212028900430e+01 1.750000000000000222e+00
4.169855583340934535e-01 7.738582333669086211e+00 1.094631466578572354e+00
4.582273061310059292e-01 7.736521202890003224e-01 1.530000000000000027e+00
3.840555092033480222e-01 4.343652120289007712e+00 1.850000000000000089e+00
4.356610949968832691e-01 -1.714782708507144093e+00 6.329097380070873857e-01
3.034519436907487377e-01 6.993652120289013396e+00 1.830000000000000071e+00
2.177215965644339613e-01 3.593652120289007712e+00 2.140000000000000124e+00
3.846721722803657095e-01 3.036521202890156701e-01 1.570000000000000062e+00
2.017630242937811791e-01 -4.436347879710993425e+00 2.189999999999999947e+00
3.758976876320372917e-01 1.962365212028900885e+01 1.290000000000000036e+00
2.456293589450425918e-01 -5.116347879710986035e+00 1.540000000000000036e+00
5.601281623401658250e-01 4.859836390421776287e+00 8.108528234432242909e-01
5.378521494688670579e-01 1.750562727920623729e-01 4.423667673815120938e-01
5.849256577295589565e-01 7.002844272510102996e+00 3.561820968052467062e-01
6.178768378178981502e-01 3.963652120289012259e+00 8.199999999999999512e-01
4.059362686688208210e-01 -5.263478797109826246e-01 1.810000000000000053e+00
