# R_proj[kpc]  v_los[km/s]  v_los_err[km/s]   Simon+11 table 3, ambiguous star keep, N=68, vsys=209.225, sigma_int=5.707
8.296131711146380316e-02 1.467450905982326503e+01 3.779999999999999716e+01
7.292567391249642206e-02 1.277450905982331619e+01 8.699999999999999289e+00
5.619960191421742579e-02 -8.325490940176706545e+00 1.419999999999999929e+01
7.760897407201454434e-02 -1.314739574639270359e+01 7.002493922676006122e+00
5.218534463463046780e-02 1.174509059823293455e+00 5.200000000000000178e+00
4.817108735504350286e-02 1.274509059823287771e+00 1.190000000000000036e+01
4.549491583531886651e-02 -1.462549094017671791e+01 5.599999999999999645e+00
4.683300159518118122e-02 -8.274794181618688071e+00 3.694646806631152192e+00
4.348778719552538752e-02 8.249954283784433073e+00 3.781957907290909748e+00
4.081161567580074423e-02 3.674509059823293455e+00 7.400000000000000355e+00
4.817108735504350286e-02 -6.077703526345231921e+00 1.640330051343463325e+00
3.813544415607610788e-02 -2.576819244538825160e+00 5.215714077240032331e+00
4.884013023497466716e-02 8.609300757598418841e+00 3.709894997159720820e+00
5.954481631387322643e-02 1.248846401066714407e-01 4.241870886502883131e+00
3.345214399655798559e-02 1.745090598232934553e-01 6.400000000000000355e+00
3.612831551628262888e-02 -1.300198616710474653e+00 2.903803327619139729e+00
3.545927263635146459e-02 -5.425490940176700860e+00 6.500000000000000000e+00
2.341650079759059061e-02 -7.655627926478075551e+00 4.775278805602126475e+00
2.341650079759059061e-02 -3.890083810720824431e+00 5.455933238657748596e+00
2.743075807717754860e-02 -6.025490940176723598e+00 6.500000000000000000e+00
1.806415775814131444e-02 -5.025490940176723598e+00 5.299999999999999822e+00
3.947352991593842952e-02 -3.961697836728461652e+00 2.757435090054173976e+00
2.408554367752175143e-02 2.674509059823293455e+00 7.400000000000000355e+00
1.940224351800363609e-02 3.745090598232820867e-01 1.180000000000000071e+01
1.271181471869203480e-02 4.274509059823287771e+00 3.799999999999999822e+00
1.338085759862319563e-02 8.074509059823299140e+00 4.200000000000000178e+00
1.538798623841667462e-02 4.074509059823299140e+00 5.299999999999999822e+00
6.690428799311597813e-03 1.497450905982330482e+01 6.200000000000000178e+00
1.806415775814131444e-02 -3.003517105552020894e+00 4.368311929937710225e+00
1.538798623841667462e-02 -5.125490940176717913e+00 4.900000000000000355e+00
1.204277183876087572e-02 -5.325490940176706545e+00 1.000000000000000000e+01
4.683300159518117949e-03 8.574509059823270718e+00 1.309999999999999964e+01
4.683300159518117949e-03 8.574509059823299140e+00 5.200000000000000178e+00
1.672607199827899280e-02 1.813427978742168989e+00 2.386227374137066981e+00
3.345214399655798906e-03 1.297450905982324798e+01 6.299999999999999822e+00
9.366600319036235897e-03 -8.325490940176706545e+00 6.099999999999999645e+00
5.084725887476813921e-02 9.974509059823276402e+00 7.500000000000000000e+00
9.032078879070656874e-02 -4.359048768802153973e-02 1.660572871765475522e+00
3.345214399655799232e-04 6.374509059823282087e+00 3.799999999999999822e+00
5.352343039449278771e-03 -1.038177316890241286e+01 3.146882688413028983e+00
1.204277183876087572e-02 -5.428841983426025308e+00 1.596647989047238703e+00
1.806415775814131444e-02 3.064633946758533511e+00 1.143121785467954687e+01
4.014257279586957994e-03 2.200650905982325867e+01 2.639999999999999680e+00
4.214970143566306587e-02 -1.082549094017670654e+01 8.099999999999999645e+00
6.021385919380437858e-03 1.764512351823725567e+00 4.772577948481655064e+00
8.697557439105078544e-03 -5.254909401767235977e-01 3.500000000000000444e+00
9.366600319036235897e-03 3.847290174550977326e+00 7.474956241099260268e+00
1.137372895882971663e-02 1.027450905982325935e+01 5.000000000000000000e+00
1.739511487821015709e-02 -2.693034215809177567e+00 1.244326672612849682e+00
1.204277183876087572e-02 -1.032549094017670654e+01 9.599999999999999645e+00
4.683300159518118122e-02 7.674509059823293455e+00 4.500000000000000000e+00
2.207841503772826897e-02 5.474831162855650746e+00 3.924365116841044721e+00
2.475458655745291572e-02 -3.513400091813309700e+00 1.307794831504271116e+00
2.274745791765943326e-02 -3.525490940176723598e+00 5.400000000000000355e+00
1.873320063807247179e-02 -2.088743430432231207e+00 3.103484748370680002e+00
2.609267231731523390e-02 -3.674558895840107198e+00 5.046433704178034496e+00
2.207841503772826897e-02 -6.762697556441423785e-01 3.178128968533935783e+00
2.207841503772826897e-02 6.023704136474350435e-01 2.575386322063288436e+00
2.140937215779711508e-02 -1.079050605575471877e+01 2.399086718560690557e+00
7.493280255228988718e-02 -2.525490940176752019e+00 6.700000000000000178e+00
6.355907359346017749e-02 7.974509059823304824e+00 1.000000000000000000e+01
3.345214399655798559e-02 -1.162549094017671791e+01 7.599999999999999645e+00
4.348778719552538752e-02 9.974509059823247981e+00 8.800000000000000711e+00
4.616395871525003081e-02 8.174509059823293455e+00 1.430000000000000071e+01
4.482587295538770222e-02 3.674509059823265034e+00 9.800000000000000711e+00
6.757333087304713548e-02 -4.725490940176712229e+00 7.000000000000000888e+00
6.757333087304713548e-02 -2.425490940176700860e+00 2.200000000000000178e+00
7.426375967235873676e-02 1.117450905982329346e+01 7.400000000000000355e+00
