# R_proj[kpc]  v_los[km/s]  v_los_err[km/s]   Simon+11 table 3, ambiguous star drop, N=67, vsys=208.535, sigma_int=4.239
8.296131711146380316e-02 1.536479506022604369e+01 3.779999999999999716e+01
7.292567391249642206e-02 1.346479506022609485e+01 8.699999999999999289e+00
5.619960191421742579e-02 -7.635204939773927890e+00 1.419999999999999929e+01
7.760897407201454434e-02 -1.245710974598992493e+01 7.002493922676006122e+00
5.218534463463046780e-02 1.864795060226072110e+00 5.200000000000000178e+00
4.817108735504350286e-02 1.964795060226066425e+00 1.190000000000000036e+01
4.549491583531886651e-02 -1.393520493977393926e+01 5.599999999999999645e+00
4.683300159518118122e-02 -7.584508181215909417e+00 3.694646806631152192e+00
4.348778719552538752e-02 8.940240284187211728e+00 3.781957907290909748e+00
4.081161567580074423e-02 4.364795060226072110e+00 7.400000000000000355e+00
4.817108735504350286e-02 -5.387417525942453267e+00 1.640330051343463325e+00
3.813544415607610788e-02 -1.886533244136046505e+00 5.215714077240032331e+00
4.884013023497466716e-02 9.299586758001197495e+00 3.709894997159720820e+00
5.954481631387322643e-02 8.151706405094500951e-01 4.241870886502883131e+00
3.345214399655798559e-02 8.647950602260721098e-01 6.400000000000000355e+00
3.612831551628262888e-02 -6.099126163076959983e-01 2.903803327619139729e+00
3.545927263635146459e-02 -4.735204939773922206e+00 6.500000000000000000e+00
2.341650079759059061e-02 -6.965341926075296897e+00 4.775278805602126475e+00
2.341650079759059061e-02 -3.199797810318045777e+00 5.455933238657748596e+00
2.743075807717754860e-02 -5.335204939773944943e+00 6.500000000000000000e+00
1.806415775814131444e-02 -4.335204939773944943e+00 5.299999999999999822e+00
3.947352991593842952e-02 -3.271411836325682998e+00 2.757435090054173976e+00
2.408554367752175143e-02 3.364795060226072110e+00 7.400000000000000355e+00
1.940224351800363609e-02 1.064795060226060741e+00 1.180000000000000071e+01
1.271181471869203480e-02 4.964795060226066425e+00 3.799999999999999822e+00
1.338085759862319563e-02 8.764795060226077794e+00 4.200000000000000178e+00
1.538798623841667462e-02 4.764795060226077794e+00 5.299999999999999822e+00
6.690428799311597813e-03 1.566479506022608348e+01 6.200000000000000178e+00
1.806415775814131444e-02 -2.313231105149242239e+00 4.368311929937710225e+00
1.538798623841667462e-02 -4.435204939773939259e+00 4.900000000000000355e+00
1.204277183876087572e-02 -4.635204939773927890e+00 1.000000000000000000e+01
4.683300159518117949e-03 9.264795060226049372e+00 1.309999999999999964e+01
4.683300159518117949e-03 9.264795060226077794e+00 5.200000000000000178e+00
1.672607199827899280e-02 2.503713979144947643e+00 2.386227374137066981e+00
3.345214399655798906e-03 1.366479506022602664e+01 6.299999999999999822e+00
9.366600319036235897e-03 -7.635204939773927890e+00 6.099999999999999645e+00
5.084725887476813921e-02 1.066479506022605506e+01 7.500000000000000000e+00
9.032078879070656874e-02 6.466955127147571147e-01 1.660572871765475522e+00
3.345214399655799232e-04 7.064795060226060741e+00 3.799999999999999822e+00
5.352343039449278771e-03 -9.691487168499634208e+00 3.146882688413028983e+00
1.204277183876087572e-02 -4.738555983023246654e+00 1.596647989047238703e+00
1.806415775814131444e-02 3.754919947161312166e+00 1.143121785467954687e+01
4.214970143566306587e-02 -1.013520493977392789e+01 8.099999999999999645e+00
6.021385919380437858e-03 2.454798352226504221e+00 4.772577948481655064e+00
8.697557439105078544e-03 1.647950602260550568e-01 3.500000000000000444e+00
9.366600319036235897e-03 4.537576174953755981e+00 7.474956241099260268e+00
1.137372895882971663e-02 1.096479506022603800e+01 5.000000000000000000e+00
1.739511487821015709e-02 -2.002748215406398913e+00 1.244326672612849682e+00
1.204277183876087572e-02 -9.635204939773927890e+00 9.599999999999999645e+00
4.683300159518118122e-02 8.364795060226072110e+00 4.500000000000000000e+00
2.207841503772826897e-02 6.165117163258429400e+00 3.924365116841044721e+00
2.475458655745291572e-02 -2.823114091410531046e+00 1.307794831504271116e+00
2.274745791765943326e-02 -2.835204939773944943e+00 5.400000000000000355e+00
1.873320063807247179e-02 -1.398457430029452553e+00 3.103484748370680002e+00
2.609267231731523390e-02 -2.984272895437328543e+00 5.046433704178034496e+00
2.207841503772826897e-02 1.401624475863627595e-02 3.178128968533935783e+00
2.207841503772826897e-02 1.292656414050213698e+00 2.575386322063288436e+00
2.140937215779711508e-02 -1.010022005535194012e+01 2.399086718560690557e+00
7.493280255228988718e-02 -1.835204939773973365e+00 6.700000000000000178e+00
6.355907359346017749e-02 8.664795060226083478e+00 1.000000000000000000e+01
3.345214399655798559e-02 -1.093520493977393926e+01 7.599999999999999645e+00
4.348778719552538752e-02 1.066479506022602664e+01 8.800000000000000711e+00
4.616395871525003081e-02 8.864795060226072110e+00 1.430000000000000071e+01
4.482587295538770222e-02 4.364795060226043688e+00 9.800000000000000711e+00
6.757333087304713548e-02 -4.035204939773933575e+00 7.000000000000000888e+00
6.757333087304713548e-02 -1.735204939773922206e+00 2.200000000000000178e+00
7.426375967235873676e-02 1.186479506022607211e+01 7.400000000000000355e+00
