# R_proj[kpc]  v_los[km/s]  v_los_err[km/s]   Kirby+13 table 2, RR Lyrae removed, N=25, vsys=-40.118, sigma_int=0.000
5.775976120790754509e-02 5.417884581730341154e+00 5.000000000000000000e+00
4.622948788381178037e-02 7.178845817303454169e-01 1.350000000000000000e+01
3.889726542829306799e-02 2.717884581730345417e+00 2.000000000000000000e+00
4.244448532816672698e-02 1.788458173034257470e-02 2.100000000000000089e+00
7.169108406588992066e-02 -4.282115418269654583e+00 4.900000000000000355e+00
2.740286197522859291e-02 1.917884581730341154e+00 2.299999999999999822e+00
1.813710646771479057e-02 -3.082115418269658846e+00 1.069999999999999929e+01
2.821881840972825448e-02 -2.282115418269654583e+00 2.100000000000000089e+00
4.071383656319052524e-02 5.178845817303425747e-01 1.090000000000000036e+01
1.058056609752290080e-02 -9.821154182696574253e-01 2.100000000000000089e+00
5.593792754396843814e-03 4.017884581730342575e+00 1.369999999999999929e+01
4.158197402156754013e-02 1.178845817303439958e-01 2.250000000000000000e+01
6.145114815088412695e-03 -1.982115418269657425e+00 2.399999999999999911e+00
2.906956533136369203e-02 3.517884581730342575e+00 2.200000000000000178e+00
3.146930913306018179e-02 1.117884581730343996e+00 5.400000000000000355e+00
6.114167967405458731e-02 -1.582115418269658846e+00 2.000000000000000000e+00
1.997587190506456070e-02 2.178845817303454169e-01 2.000000000000000000e+00
2.972419006188984844e-02 3.817884581730346838e+00 3.700000000000000178e+00
4.064694611418350617e-02 2.117884581730343996e+00 8.599999999999999645e+00
3.156341374187295740e-02 4.178845817303411536e-01 3.100000000000000089e+00
9.826591425025196780e-02 -1.682115418269653162e+00 7.099999999999999645e+00
3.339103164382086625e-02 -1.382115418269656004e+00 2.700000000000000178e+00
3.822736468660355852e-02 -3.482115418269657425e+00 6.299999999999999822e+00
4.577531798374595562e-02 -8.821154182696560042e-01 2.000000000000000000e+00
4.632654829682983366e-02 -3.382115418269656004e+00 3.700000000000000178e+00
