# R_proj[kpc]  v_los[km/s]  v_los_err[km/s]
8.296131711146380316e-02 1.373200162150223491e+01 3.779999999999999716e+01
7.292567391249642206e-02 1.183200162150222923e+01 8.699999999999999289e+00
5.619960191421742579e-02 -9.267998378497765088e+00 1.419999999999999929e+01
7.760897407201454434e-02 -5.667998378497770773e+00 1.180000000000000071e+01
5.218534463463046780e-02 2.320016215022349115e-01 5.200000000000000178e+00
4.817108735504350286e-02 3.320016215022292272e-01 1.190000000000000036e+01
4.549491583531886651e-02 -1.556799837849777646e+01 5.599999999999999645e+00
4.683300159518118122e-02 -9.867998378497759404e+00 3.799999999999999822e+00
4.348778719552538752e-02 2.053200162150221786e+01 7.400000000000000355e+00
4.081161567580074423e-02 2.732001621502234912e+00 7.400000000000000355e+00
4.817108735504350286e-02 -4.767998378497765088e+00 2.500000000000000000e+00
3.813544415607610788e-02 -5.567998378497776457e+00 6.400000000000000355e+00
4.884013023497466716e-02 2.103200162150221786e+01 6.900000000000000355e+00
5.954481631387322643e-02 2.320016215022349115e-01 5.099999999999999645e+00
3.345214399655798559e-02 -7.679983784977650885e-01 6.400000000000000355e+00
3.612831551628262888e-02 -8.679983784977594041e-01 7.500000000000000000e+00
4.281874431559423017e-02 1.423200162150223491e+01 3.000000000000000000e+00
3.545927263635146459e-02 -6.367998378497759404e+00 6.500000000000000000e+00
2.341650079759059061e-02 6.832001621502229227e+00 1.359999999999999964e+01
2.341650079759059061e-02 -1.066799837849777077e+01 9.400000000000000355e+00
2.743075807717754860e-02 -6.967998378497782141e+00 6.500000000000000000e+00
1.806415775814131444e-02 -5.967998378497782141e+00 5.299999999999999822e+00
2.140937215779711508e-02 1.332001621502229227e+00 8.800000000000000711e+00
3.947352991593842952e-02 -3.467998378497782141e+00 7.000000000000000000e+00
2.408554367752175143e-02 1.732001621502234912e+00 7.400000000000000355e+00
1.940224351800363609e-02 -5.679983784977764572e-01 1.180000000000000071e+01
1.271181471869203480e-02 3.332001621502229227e+00 3.799999999999999822e+00
1.338085759862319563e-02 7.132001621502240596e+00 4.200000000000000178e+00
1.538798623841667462e-02 3.132001621502240596e+00 5.299999999999999822e+00
6.690428799311597813e-03 1.403200162150221786e+01 6.200000000000000178e+00
1.806415775814131444e-02 2.632001621502240596e+00 6.799999999999999822e+00
1.538798623841667462e-02 -6.067998378497776457e+00 4.900000000000000355e+00
1.204277183876087572e-02 -6.267998378497765088e+00 1.000000000000000000e+01
4.683300159518117949e-03 7.632001621502240596e+00 1.309999999999999964e+01
4.683300159518117949e-03 7.632001621502240596e+00 5.200000000000000178e+00
1.672607199827899280e-02 -9.679983784977821415e-01 2.700000000000000178e+00
3.345214399655798906e-03 1.203200162150221786e+01 6.299999999999999822e+00
9.366600319036235897e-03 -9.267998378497765088e+00 6.099999999999999645e+00
5.084725887476813921e-02 9.032001621502217859e+00 7.500000000000000000e+00
9.032078879070656874e-02 -1.767998378497765088e+00 2.399999999999999911e+00
3.345214399655799232e-04 5.432001621502223543e+00 3.799999999999999822e+00
5.352343039449278771e-03 -1.846799837849778214e+01 4.400000000000000355e+00
1.204277183876087572e-02 -2.467998378497782141e+00 3.299999999999999822e+00
1.806415775814131444e-02 -6.799837849777645715e-02 2.110000000000000142e+01
4.014257279586957994e-03 1.703200162150221786e+01 4.400000000000000355e+00
4.014257279586957994e-03 -6.767998378497765088e+00 2.500000000000000000e+00
4.214970143566306587e-02 -1.176799837849776509e+01 8.099999999999999645e+00
6.021385919380437858e-03 4.932001621502223543e+00 6.799999999999999822e+00
8.697557439105078544e-03 -1.467998378497782141e+00 3.500000000000000000e+00
9.366600319036235897e-03 -4.167998378497770773e+00 2.310000000000000142e+01
1.137372895882971663e-02 9.332001621502229227e+00 5.000000000000000000e+00
1.739511487821015709e-02 -2.167998378497770773e+00 2.200000000000000178e+00
1.204277183876087572e-02 -1.126799837849776509e+01 9.599999999999999645e+00
4.683300159518118122e-02 6.732001621502234912e+00 4.500000000000000000e+00
2.207841503772826897e-02 -8.679983784977594041e-01 4.799999999999999822e+00
2.475458655745291572e-02 -2.267998378497765088e+00 2.299999999999999822e+00
2.274745791765943326e-02 -4.467998378497782141e+00 5.400000000000000355e+00
1.873320063807247179e-02 -2.467998378497782141e+00 3.700000000000000178e+00
2.609267231731523390e-02 5.320016215022178585e-01 1.090000000000000036e+01
2.207841503772826897e-02 -5.067998378497776457e+00 4.299999999999999822e+00
2.207841503772826897e-02 -5.067998378497776457e+00 7.099999999999999645e+00
2.140937215779711508e-02 2.832001621502229227e+00 1.459999999999999964e+01
7.493280255228988718e-02 -3.467998378497782141e+00 6.700000000000000178e+00
6.355907359346017749e-02 7.032001621502217859e+00 1.000000000000000000e+01
3.345214399655798559e-02 -1.256799837849777646e+01 7.599999999999999645e+00
4.348778719552538752e-02 9.032001621502217859e+00 8.800000000000000711e+00
4.616395871525003081e-02 7.232001621502234912e+00 1.430000000000000071e+01
4.482587295538770222e-02 2.732001621502234912e+00 9.800000000000000711e+00
6.757333087304713548e-02 -5.667998378497770773e+00 7.000000000000000000e+00
6.757333087304713548e-02 -3.367998378497759404e+00 2.200000000000000178e+00
7.426375967235873676e-02 1.023200162150223491e+01 7.400000000000000355e+00
